0001 0205 
0172 0418 
0384 0422 0454 
0172 0204 0291 0419 0423 
0172 0176 0204 0290 0419 
0204 0288 0332 0376 0520 
0290 0330 0355 0521 
0001 0046 0119 0355 
0353 0356 
0204 0291 0426 
0030 0119 0256 
0172 0204 0291 0419 
0050 0300 
0034 0047 0291 
0205 0500 0501 0502 0503 
0071 0174 0204 0255 0330 
0096 0098 
0027 0288 0330 
0204 0421 0452 0498 0499 
0049 0358 0366 
0330 0381 0399 0422 
0119 0164 0358 
0023 0204 0419 
0205 0259 0356 0419 
0289 0360 0362 
0094 0128 0422 0424 0452 
0204 
0011 0096 0257 0263 
0291 0384 0401 0422 0452 
0172 0204 
0174 0207 0210 0291 0522 
0073 0078 0086 0356 
0046 0123 0256 0368 
0076 0086 0165 
0001 
0237 0257 0291 
0207 0423 
0004 0007 0016 
0032 0261 0288 0329 0368 
0258 0330 0355 0520 
0135 0332 0359 0362 0370 
0173 0236 0418 0526 
0093 0128 0236 0355 
0049 
0093 0098 0256 
0027 0290 0355 0380 
0106 0262 0267 
0428 0430 0432 0522 0524 
0050 
0031 0288 0330 0353 0356 
0422 
0291 0385 0389 0390 0425 
0056 
0011 0257 0332 0353 0356 
0047 0291 
0002 0094 0238 0288 0356 
0297 0358 0361 
0011 0123 0329 
0298 0456 
0093 0119 0257 0290 
0045 0125 0133 0376 
0237 0259 0368 0380 0384 
0329 0402 0421 0452 0499 
0028 0042 0290 0329 
0102 0164 0256 0290 
0034 0125 0319 0324 
0002 0087 0329 0384 
0236 0330 
0094 0096 0123 0258 
0037 0205 0384 0401 0422 
0012 0027 0041 0097 0119 
0101 0173 0260 0269 
0204 0258 0291 0376 
0260 0289 0329 0356 0381 
0074 0205 0258 0291 0332 
0257 0421 0452 0498 0499 
0204 0421 0452 0498 0499 
0046 0204 0331 0355 0380 
0027 0086 0097 
0027 0070 0205 0256 0289 
0050 0116 
0291 
0040 0381 0401 0419 0422 
0177 0186 0207 
0403 0404 0405 
0105 
0465 
0012 0204 0258 0291 0376 
0013 0133 0289 
0125 0297 0299 0317 
0153 0381 0384 0398 0422 
0204 0422 0427 0452 0524 
0204 0331 0376 0380 0521 
0204 0261 0291 0418 0521 
0052 0078 
0358 0366 
0288 0329 0355 0420 
0026 0039 0087 0128 
0037 0098 0135 0136 0259 
0073 0086 0123 0368 
0026 0037 0289 0356 0456 
0172 0178 0204 0290 0423 
0204 0421 0452 0498 0499 
0357 0362 0386 
0204 
0012 0119 0331 
0094 0255 0291 0332 0355 
0290 0331 0356 
0112 0204 0262 0267 
0016 0019 0023 0052 
0012 0119 0128 0255 0521 
0119 0149 0291 0376 
0289 0402 0421 0452 0499 
0104 0117 0264 
0018 0100 0107 0117 
0204 
0236 0256 0330 0368 
0103 0150 0156 0293 
0011 0042 0256 0329 
0302 0332 0336 0365 
0204 0237 0256 0521 
0099 0103 0263 0268 
0135 0402 0421 0452 0499 
0042 0125 0288 0356 0386 
0293 0304 0306 0340 
0165 0500 0501 0502 0503 
0014 0097 0098 0259 
0073 0164 0291 0356 
0005 
0119 0133 0288 
0335 0341 
0002 0465 0467 
0001 0002 0076 0420 0424 
0207 0210 0423 
0094 0164 0288 0330 0355 
0172 0204 0423 
0056 
0174 0204 0257 0331 
0103 0298 
0172 0186 0204 0355 0423 
0096 0258 0331 0368 
0041 0119 0289 0331 
0001 0332 
0027 0098 0255 
0053 0263 0270 0520 
0173 0500 0501 0502 0503 
0048 0055 0057 
0258 0289 0330 0376 0524 
0135 0236 0264 0269 
0172 0177 0204 0423 
0164 0236 0259 0288 0368 
0236 0238 0242 0456 
0045 0096 0257 0329 
0030 0093 0386 
0133 0257 0289 0331 
0038 0125 0288 
0236 0265 0271 0297 0331 
0152 0236 0291 0299 0358 
0071 0236 0332 0369 
0013 0236 0260 0291 
0165 0421 0452 0498 0499 
0279 0521 
0453 0482 0500 0502 0503 
0133 0290 0355 
0012 0259 0332 0358 0377 
0134 0204 0290 0331 0355 
0172 0204 0288 0419 0526 
0204 0434 0500 0501 0503 
0465 
0291 0359 
0073 0293 0302 0304 
0306 0369 
0067 0173 0467 
0236 0335 0362 
0204 0422 0452 0467 0523 
0402 0421 0452 0499 
0122 0124 
0111 0116 0117 
0146 0290 0355 0386 
0172 0177 0204 0291 0418 
0102 0106 0116 0139 
0289 0384 0401 0422 0452 
0291 0500 0501 0502 0503 
0172 0178 0204 0355 0426 
0001 0003 0047 
0291 0418 0419 0499 
0001 0011 0098 0255 
0236 0237 0291 0361 
0040 0259 
0205 0421 0452 0498 0499 
0422 0524 
0402 0421 0452 0499 
0381 0384 0397 0411 0418 
0050 0299 
0291 0330 0368 
0421 0452 
0175 0178 0524 
0465 
0313 0330 0359 0365 
0173 0207 0210 
0162 
0053 0104 0270 
0291 0384 0400 0422 
0236 0259 0291 0332 
0270 0297 0301 0376 
0174 0426 
0095 0123 0255 0289 
0079 0165 0382 
0044 0086 0204 0256 
0098 0107 0419 0422 0522 
0358 0365 
0178 0522 0527 0529 
0340 0352 0359 
0465 
0260 0291 0332 0376 
0049 0056 0057 
0030 0384 0422 
0525 
0027 0119 0355 
0051 0358 
0265 0268 0271 
0175 0176 0207 0211 0356 
0423 
0027 0105 
0013 0035 0268 0332 
0089 0172 0178 0204 
0238 0255 0382 0383 
0043 0164 0236 0291 0368 
0173 0482 0500 0502 0503 
0049 0050 0057 0077 
0173 0207 0209 0526 
0353 0354 
0425 0498 0499 0504 
0292 0299 0305 0386 
0037 0096 0123 0290 0356 
0035 0237 0340 
0026 0100 0260 
0291 0500 0501 0502 0503 
0265 0268 0273 0291 0332 
0099 0261 0264 
0033 0174 0337 0340 
0236 0256 0289 0330 
0245 0269 0271 
0017 0043 0291 
0049 0236 0360 
0135 0174 0297 
0015 0256 0291 
0001 0002 0465 
0356 
0466 0468 
0255 0330 0356 
0314 0336 0349 0365 
0157 0291 0298 0301 0305 
0134 0257 0291 0329 0524 
0204 0256 0332 
0291 0422 
0204 0421 0452 0498 0499 
0045 0265 
0360 0361 
0290 0421 0453 0500 0501 0503 
0178 0182 0207 
0117 0118 
0016 0018 0054 
0033 0037 0291 0332 
0205 0256 0290 0356 
0092 0119 0133 0289 0376 
0071 0107 0108 0149 0257 
0164 0295 0306 0419 
0092 0204 0290 0329 0380 
0034 0257 0291 0329 
0001 0133 0291 0376 0382 
0402 0499 0500 0501 0502 
0031 0092 0256 0290 0329 
0050 0101 0263 0418 
0173 0239 0241 0265 0340 
0205 0259 0330 0356 
0133 0332 0376 0456 
0297 0338 0339 0521 
0041 0123 0167 
0207 0210 0256 0423 
0465 
0294 0365 
0001 0029 0260 
0163 0256 
0172 0178 0204 0418 
0152 0237 
0001 0045 0102 0104 
0173 0204 0426 
0332 0386 
0205 0291 0401 0422 0523 
0051 0060 0299 
0135 0353 0382 
0099 0101 0102 
0034 0123 0236 0257 0329 
0133 0204 0259 0332 0376 
0196 0435 0531 0532 
0175 0204 0291 0422 
0204 0236 0288 0355 0384 
0207 0211 0426 
0214 0224 0226 
0297 0306 0362 0520 
0178 0207 0433 0526 
0085 
0452 0467 0500 0501 0503 
0330 0421 0452 0498 0499 
0192 0212 0218 0291 
0124 0268 0272 
0104 0263 0268 
0421 0452 
0173 0206 0429 0430 0439 
0204 0241 0256 
0060 0164 0237 
0293 0297 0304 
0001 0045 0150 0237 0296 
0331 0355 0381 0521 
0186 0207 0260 0426 0433 
0039 0236 0238 0258 0384 
0186 0190 0207 0423 
0049 
0290 0474 
0304 0307 0456 
0421 
0377 0500 0501 0502 0503 
0236 0422 0427 0452 0524 
0401 0428 0430 0452 
0122 0334 0346 0365 
0292 0301 0304 0305 0456 
0172 0204 0423 
0001 0050 0053 0059 0132 
0205 0260 0332 
0067 0297 
0095 0160 0258 
0402 0418 0452 0499 
0125 0205 0359 
0261 0332 0376 
0049 0054 0332 
0236 0238 0291 
0079 0082 0167 
0331 0342 
0392 
0095 0133 0291 0329 0376 
0422 
0206 0255 0291 0467 
0430 0432 0454 0528 
0071 0174 0206 0263 0340 
0030 0164 0291 0332 
0174 0204 0291 0332 0423 
0207 0211 0289 0423 
0306 0307 0386 0521 
0368 0375 
0154 0156 0157 0159 
0402 0421 0452 0499 
0204 0236 0237 0268 
0096 0099 0123 0204 0255 
0028 0134 0205 0377 0418 0521 
0357 0366 0369 0370 
0100 0146 0204 
0106 0369 0370 0373 
0411 0452 
0298 
0204 0467 0474 0521 
0422 0452 0524 
0294 0299 0302 
0046 0049 0152 0303 
0042 0288 0331 0376 0382 
0425 0428 0432 0452 0522 
0094 0166 0256 
0353 
0016 0018 0019 0357 0365 
0290 0353 0368 
0011 0288 0353 0356 
0236 0331 0368 
0133 0289 0330 
0428 0430 0502 0527 0529 
0023 0037 0098 0205 0237 
0239 0241 0242 0296 0413 
0178 0186 0291 0423 0426 
0056 0119 0120 
0353 
0043 0291 0422 0427 0524 
0173 0204 0423 
0045 0086 0205 0255 0368 
0092 0236 0238 0331 
0026 0128 0133 
0429 0457 0459 0524 
0289 0331 0357 0362 0521 
0003 0052 0060 
0173 0482 0501 0502 0503 
0133 0153 0291 0376 
0173 0204 0291 0418 0419 
0071 0110 0270 
0071 0105 0107 0110 
0260 
0035 0097 0173 0236 
0002 0137 0422 0467 
0381 0419 0452 
0045 0094 0153 0236 0291 
0045 0086 0205 
0297 0301 0311 0312 
0071 0167 0168 
0050 0090 0125 
0204 0255 0267 0291 
0307 0312 0323 0382 
0427 0435 0454 0522 0527 
0428 0430 0432 0522 0525 
0013 0018 0045 
0035 0045 0385 0419 
0160 0381 0398 0422 
0103 0104 0117 0258 
0051 
0049 0298 0384 
0050 0295 0299 
0309 0310 0384 0404 
0239 0240 0242 0292 0305 
0019 0020 0022 0138 
0054 0099 0119 0166 
0002 0291 0332 
0096 0123 0258 
0049 0293 0297 0304 
0185 0207 0212 
0024 0421 0452 0498 0499 
0031 0039 0123 
0003 0014 0376 0380 
0297 0300 0306 0316 
0421 0452 
0122 0341 
0021 0119 0236 0291 
0060 0157 0292 0300 0305 
0172 0177 0178 0186 0207 
0042 0285 
0377 0500 0501 0502 0503 
0018 0116 
0129 0132 0236 0291 
0527 0528 
0004 0005 0006 0007 
0291 0419 
0227 0231 0430 0436 
0174 0502 0503 
0527 
0026 0291 0356 
0297 0332 0376 
0110 0136 0273 0340 
0133 0164 0290 0329 0376 
0030 0204 0291 0331 
0239 0240 0241 0242 0381 
0261 0296 0306 
0035 0174 0360 
0012 0043 0097 0258 0330 
0003 0292 0298 0304 
0330 0384 0398 0422 
0104 0107 
0452 0498 0499 
0012 0204 0291 0353 
0133 0291 0331 0368 
0119 0204 0256 0289 
0037 0040 0092 0135 
0259 0293 0299 0306 
0008 0100 
0135 0174 0219 0230 0430 
0172 0178 0204 0288 0419 
0071 0173 0206 0264 0340 
0095 0240 0267 0270 0291 
0298 0304 0330 0362 
0001 0292 0302 0337 0342 
0135 0291 0329 0356 0360 
0038 0058 0236 0241 
0498 0499 0502 
0273 
0289 0292 0418 0427 0524 
0290 0329 0376 
0030 0160 0204 0259 
0150 0291 0368 
0017 0134 0294 0324 
0135 0179 0214 0219 0230 
0178 0184 0186 0204 0433 
0160 0259 0291 
0289 0331 0520 
0236 0331 0353 
0092 0149 0258 0368 
0073 0077 0128 0129 
0301 0304 0305 
0053 0337 0339 
0012 0236 0330 0456 
0355 0381 0397 0419 
0042 0094 0204 
0086 0404 0452 
0183 0291 0432 0437 0438 
0167 0357 
0141 0155 0303 
0014 0291 0331 0368 
0172 0178 0186 0207 0423 
0056 0145 0308 0318 0323 
0060 0304 0357 0366 
0237 0238 0381 0401 0422 
0169 0171 
0428 0430 0527 0529 
0096 0368 0381 0419 0521 
0294 0297 0302 0306 0521 
0139 0302 0376 
0053 0293 0301 
0067 0372 
0095 0119 0133 0258 
0018 0099 0107 0267 
0401 0422 0452 0524 
0015 0019 0049 0054 0059 
0093 0135 0150 0238 0291 
0123 0256 0356 
0291 0330 0356 0368 
0121 0285 
0011 0255 0288 0329 0376 
0204 
0028 
0268 0271 0334 
0360 
0174 0176 0204 0419 
0050 0292 0299 0306 0332 
0119 0331 0356 
0261 0331 0356 
0108 0261 
0173 0425 0452 0498 0499 
0023 0270 0334 0339 
0046 0160 0288 0355 
0071 0268 0272 
0258 0291 0332 0368 
0441 
0128 
0148 0291 0332 0380 
0291 0353 
0291 
0291 0384 0399 0422 0455 
0001 0013 0092 
0124 0132 0139 0149 
0050 0051 0135 0293 0299 
0398 0422 0452 
0024 0073 0078 0167 
0001 0466 0468 
0001 0071 
0422 
0204 0421 0452 0498 0499 
0262 0270 0341 0377 
0050 0141 0267 
0103 0263 0271 
0204 0423 
0421 0452 
0178 0185 0192 0209 0433 
0028 0164 0204 0291 
0133 0291 0297 0306 0332 
0039 0291 0330 
0420 0424 0452 0523 
0332 
0075 0260 0291 0332 
0096 0204 0236 0418 0419 
0365 
0237 0381 0397 0413 
0353 0356 
0045 0289 0356 
0116 0242 0369 0370 
0056 0156 0236 
0011 0095 0123 0331 
0398 0422 0452 
0421 0452 
0047 0289 0330 0368 
0204 0266 0291 0329 
0093 0262 0267 0332 
0038 0123 0257 
0205 0236 0291 0332 
0131 0239 0241 0242 0263 
0043 0289 0329 0368 
0167 
0042 0204 0259 0291 0419 
0284 
0049 0302 0382 
0001 0012 0034 0125 
0362 
0050 0292 0308 0521 
0117 0151 0152 
0289 0331 0356 0368 
0301 0303 0353 0386 
0017 0138 0267 
0117 
0100 0238 0239 0241 0242 
0162 0204 0265 0279 
0043 0094 0119 0258 
0385 0387 0403 0404 0432 
0206 0239 0241 0242 0259 
0500 0501 0502 0503 
0369 
0425 0432 0525 0528 
0291 0332 0356 
0172 0178 0204 0288 0419 
0048 
0172 
0128 
0133 0264 0332 
0103 0236 0239 0241 0291 
0024 0331 0356 
0339 0362 
0094 0255 0291 0330 0355 
0291 0423 
0289 0402 0421 0452 0499 
0204 0258 0291 0376 
0418 0426 0521 
0035 0205 0384 0418 
0019 0257 0361 
0156 0160 0291 
0003 0060 0121 0122 0149 
0011 0105 0107 0204 0423 
0207 0209 0426 
0071 0330 0356 
0297 0299 0306 0335 
0081 0097 0123 0124 
0289 0355 0384 0400 0422 
0045 0102 0342 
0238 0400 0452 0524 
0255 0355 0380 0382 
0288 0330 0356 
0013 0035 0290 0356 0384 
0178 0292 0297 0301 
0237 0260 0289 0300 0521 
0040 0133 0237 0520 
0119 0356 
0119 0290 0355 
0043 0204 0291 
0172 0204 0288 0419 0526 
0204 0237 
0185 0425 0427 0527 
0500 0501 0502 0503 
0051 0087 0341 
0162 
0259 0330 0521 
0452 0498 0499 
0257 0331 
0204 0236 0259 0356 
0422 
0036 0236 0258 0291 
0037 0095 0291 0419 0524 
0091 
0303 0306 0377 0456 
0301 0304 0380 
0303 0332 0360 
0332 0382 0521 
0027 0095 0123 0204 
0001 0014 0034 0071 0136 
0029 0094 0149 0290 0368 
0135 0288 0401 0422 
0293 0363 
0135 0242 
0236 0237 0238 0257 
0204 
0178 0292 0303 0382 0423 
0129 0132 
0045 0332 0360 
0104 0256 0368 
0028 0096 0133 0376 
0002 0070 0089 0125 
0086 0421 0452 0498 0499 
0050 0135 0207 0209 0423 
0524 
0120 0298 0380 
0039 0123 0236 0355 
0040 0125 0259 0294 0297 
0172 0205 0423 0526 
0160 0204 0259 0267 
0102 0103 0151 0304 
0164 0236 0289 0330 
0049 
0204 0261 0291 0331 0356 
0125 0255 0291 0332 0376 
0055 0304 0306 0353 
0029 0259 0368 
0289 0331 0368 
0051 0206 0236 
0292 0297 0304 0382 
0105 0156 0204 
0204 0237 0257 
0360 0366 
0135 0174 0204 0427 0524 
0384 0398 0422 0454 
0452 
0205 
0108 0270 0341 
0465 
0307 0456 
0120 0122 
0386 
0204 0423 
0313 0317 
0236 0256 0291 0332 
0173 0204 0259 0331 
0119 0261 
0291 0521 
0204 0259 
0371 0521 
0204 0304 0319 
0207 0211 0290 0526 
0398 0455 
0236 0421 0452 0498 0499 
0291 
0006 0358 0365 0370 
0520 
0421 0452 0498 0499 
0236 
0098 0204 0237 0255 
0291 
0115 
0291 0383 0385 0387 0404 
0421 0452 0498 0499 
0257 0296 0297 0386 
0260 
0336 0337 0341 0365 
0140 0292 0300 0301 
0149 0293 0301 0304 
0119 0123 0376 
0125 
0050 0140 0141 0264 
0042 0204 0257 
0047 0271 
0204 0423 
0002 0411 0422 0452 
0207 0211 0354 0419 0423 
0110 0173 0204 0419 0423 
0263 0340 
0241 0242 0256 0358 0382 
0097 0123 0152 0368 
0071 
0262 0267 0271 
0173 0175 
0016 0236 0242 0376 
0049 0054 0262 
0039 0119 0261 0376 
0013 0236 0258 
0204 0236 0258 0329 0419 
0259 0291 0302 0360 
0358 0365 0367 
0331 0356 0368 
0132 0294 0304 0315 
0293 0302 0304 0362 
0096 0123 0256 0331 
0304 0306 0365 
0035 0146 0358 
0394 0422 
0014 0037 0098 0291 
0018 0332 0356 
0136 0182 0207 
0384 0398 0454 0523 
0204 0256 0291 0332 
0039 0123 0149 
0177 0185 0207 
0297 0304 0376 0520 
0423 
0164 0204 
0268 0293 0298 
0204 0422 
0119 0288 0356 0411 
0078 0295 0299 0380 
0165 0181 0207 0212 0423 
0012 0097 0241 0291 0369 
0289 0381 0420 0452 0523 
0140 0293 0297 0304 0305 
0292 0298 0302 0304 
0298 
0204 0241 0242 0356 
0087 0099 0264 0336 0337 
0011 0236 
0285 
0053 0060 0270 
0267 0271 0418 
0003 0051 0060 0137 0138 
0043 0355 0368 0380 
0001 0071 0088 0290 
0172 0178 0204 0291 0423 
0271 0336 0337 0524 
0051 0060 
0133 0383 0385 0400 
0075 0123 0256 0331 0376 
0095 0236 0359 0365 
0381 
0298 0306 0329 0381 
0418 0419 0454 
0133 0329 
0108 0256 0349 
0050 0067 0156 
0001 0012 0160 0256 
0300 0302 0303 
0295 0339 
0205 0236 0291 
0271 0288 0355 
0239 0241 0242 
0256 0292 0299 0337 
0173 0498 0499 
0358 0362 0365 
0049 0304 0360 0362 
0049 0297 0298 0381 0382 
0004 0005 0007 0009 
0012 0237 0291 
0164 0173 0259 0291 0332 
0140 0261 0360 
0049 0306 0357 
0289 0381 0401 0422 0454 
0096 0123 0329 0368 
0032 0071 0098 0237 0256 
0420 0424 0452 0524 
0177 0178 0207 0423 
0207 0209 0426 0526 
0238 0381 0406 0420 
0237 0362 
0289 0331 0368 
0244 0302 
0173 0204 0291 0418 0526 
0402 0418 0452 0499 
0102 0116 
0204 0238 0242 0291 
0101 0204 0291 0339 
0163 0168 0291 
0047 0123 0329 0384 
0073 0135 0289 0353 0376 
0302 0375 
0237 0384 0401 0422 0523 
0031 0075 0301 0355 0380 
0106 0156 0267 
0236 0291 0355 0368 
0173 0522 0525 
0383 0385 0398 0428 
0381 0420 0424 0452 0523 
0132 0291 0358 0456 
0331 
0172 0186 0204 0291 0419 
0173 0260 0291 0332 0524 
0465 
0178 0297 
0048 0236 0291 
0204 0421 0452 0498 0499 
0128 0131 0132 0361 0369 
0382 0419 0524 
0003 0005 0008 0011 
0303 0397 
0106 0261 0262 
0113 0189 0364 
0095 0134 0291 0332 0376 
0292 0355 0384 0399 0422 
0043 0101 0123 0258 0330 
0064 0105 0261 0269 
0236 0256 0291 0332 
0301 0329 
0100 0242 0255 0332 0380 
0140 0302 
0151 0157 
0291 0385 0387 0404 
0269 
0067 0153 
0292 0301 0303 0354 0382 
0043 0332 0360 0380 
0140 0301 0356 
0055 0058 0071 0148 0302 
0013 0384 0398 0422 0454 
0104 0376 
0119 0236 0288 0355 
0238 0419 0422 
0236 0331 0376 
0172 0207 0211 0356 
0177 0185 0291 
0207 0211 0426 
0204 0256 0418 0524 
0073 0078 0259 0291 
0095 0289 0329 0376 0411 
0048 0297 0304 
0001 0014 0376 
0205 0419 
0181 0192 0207 0423 
0014 0057 0109 
0108 
0304 0306 0313 0338 0381 
0402 0421 0452 0499 
0076 0096 0123 0164 0204 
0206 0293 0304 0306 
0104 0107 0108 0204 
0043 0093 0204 0332 
0002 0119 0356 
0205 0292 0302 0308 0313 
0204 0263 
0239 0242 0243 0304 0521 
0012 0040 0376 0380 
0185 0187 0190 0207 
0419 
0012 0023 0119 0301 0304 
0001 0031 0119 0123 
0028 0039 0092 0147 
0172 0205 0355 0418 0419 
0003 0205 0256 
0421 0452 0498 0499 
0238 0384 0397 0422 
0204 0236 0267 0270 0291 
0207 0423 
0304 0306 0360 
0097 0236 0291 0368 
0172 0179 0205 0289 0526 
0174 0204 0236 0290 
0011 0134 0331 0355 
0103 0104 0291 0418 
0034 0368 
0370 0371 
0121 0296 0302 0305 0318 
0042 0290 0329 0356 
0100 0102 0107 0146 
0291 
0238 0452 0527 0528 0529 
0207 0210 
0092 0291 0331 0376 
0238 0332 0390 0406 
0400 0453 
0173 0178 0205 0419 0526 
0007 0014 0291 
0061 
0204 0236 0237 0289 0330 
0035 0133 
0236 0383 0397 0422 
0093 0204 0236 0238 
0288 0353 0520 
0402 0418 0419 0452 0499 
0105 0119 0258 0376 
0277 
0050 0083 
0014 0119 0256 0289 0330 
0452 0522 
0036 0096 0123 0332 
0095 0236 0255 0291 0329 
0130 
0012 0237 0289 0356 
0290 0368 0386 0521 
0119 0289 0331 0382 
0050 0058 0104 
0204 0426 
0288 0422 0454 0524 0526 
0153 0289 0353 0368 
0361 0374 0375 
0236 0382 
0291 0384 0401 0422 0454 
0297 0337 0360 
0255 0329 0368 
0384 0401 0422 0454 0524 
0011 0123 0257 0355 
0419 
0298 0300 0301 
0205 0288 0426 0524 
0288 0384 0398 0422 0454 
0421 0452 0498 0499 
0174 0178 0213 0426 
0178 0204 0259 0332 0356 
0039 0073 0236 0397 0419 
0173 0264 0297 0334 
0330 0358 
0204 0289 0368 0419 0423 
0031 0123 0204 0261 
0135 0298 
0046 0331 0355 
0002 0004 0204 0236 
0166 0256 0271 
0073 0078 0081 0237 0355 
0095 0119 0236 
0049 0302 0382 
0384 0399 0422 0454 
0032 0133 0263 
0014 0236 0291 0332 
0291 
0031 0054 0291 0360 
0040 0073 0260 0332 
0095 0259 0521 
0322 
0151 0292 0299 0326 
0101 0104 0105 
0049 0305 0382 0386 
0290 0330 0356 0521 
0421 
0044 0133 0205 0257 
0293 0299 0384 0399 0422 
0102 0303 
0082 0258 0299 0303 
0250 0434 0470 0471 0472 0503 0504 
0049 0297 0359 0362 
0236 0290 0355 
0291 0332 0376 0377 
0332 
0292 0299 0300 0306 
0324 0329 0363 0365 0367 
0172 0208 0426 
0186 0205 0236 0291 0350 
0207 0209 0423 
0383 0385 0404 0454 
0291 0329 0359 0362 
0172 0179 0204 0355 0423 
0014 0046 0289 0520 
0093 0205 0236 0238 0368 
0123 0204 0256 0331 
0296 0305 0340 0365 
0172 0177 0204 0289 0423 
0119 0236 0356 
0012 0040 0067 0146 0149 
0007 0018 0019 
0049 0292 0300 0302 0380 
0087 0262 0272 0337 
0299 0332 0376 
0387 0404 0422 0425 0454 
0239 0380 
0384 0385 0400 0422 
0421 0452 
0100 0264 0267 0332 
0097 0102 0204 
0163 0168 
0001 0004 0006 0071 
0383 0385 0398 0422 0432 
0030 0094 0204 0256 
0029 0051 0094 
0050 0063 0141 
0302 0304 0358 
0204 0467 0523 
0291 0384 0385 0398 0411 
0015 0098 0236 0255 
0236 0290 0356 
0173 0500 0501 0502 0503 
0055 0260 0370 
0256 0329 0353 0356 
0428 0430 0443 0524 
0013 0205 0260 0419 
0044 0296 0304 0305 0332 
0304 0306 0332 0386 
0098 0237 0261 0332 
0164 0288 
0083 0173 0419 
0123 0256 0288 0330 
0119 0288 0331 0456 
0376 
0291 0332 0353 
0384 0403 0404 0405 0425 
0056 0060 0135 0306 
0049 0057 0140 0204 
0079 0087 0236 
0033 0165 0331 0356 
0291 0297 0404 
0133 0136 0361 0384 0411 
0500 0501 0502 0503 
0003 0241 0296 0342 0380 
0029 0095 0133 0290 
0134 0259 0291 0356 
0381 0384 0399 0422 
0073 0335 0341 
0174 0205 0291 
0239 0241 0242 0291 
0151 
0097 0259 0290 0331 0376 
0173 0500 0501 0502 0503 
0403 0404 0405 0452 
0291 0384 0404 
0088 0093 0204 0331 
0057 0121 0122 0124 
0033 0356 0384 0418 
0039 0098 0119 
0002 0178 0297 0467 
0434 0507 0509 0510 0515 0537 
0093 0332 0368 
0015 0178 0209 0426 
0402 0418 0452 0499 
0012 0123 0204 0256 
0289 0353 0356 
0093 0098 0237 0255 
0119 0289 
0205 
0204 0288 0330 0355 
0098 0205 0380 0456 
0123 0133 0422 0452 
0011 0289 
0204 0289 0355 
0421 0452 0498 0499 
0001 0002 0034 0290 
0096 0236 0289 0329 
0260 0291 0353 
0312 0358 
0030 0071 0098 0123 0260 
0073 0204 0236 0306 
0205 
0071 0174 0204 0256 0418 
0033 0123 0256 
0205 0291 
0204 0237 0288 0356 
0046 0255 0288 0356 
0119 
0011 0290 0329 
0045 0119 0290 0376 
0035 0149 0205 0260 
0421 
0172 0177 0204 0355 0423 
0035 0290 0331 
0011 0119 0236 0376 0380 
0164 0290 0331 
0015 0173 0204 0376 0418 
0041 0290 0329 0355 0381 
0295 0299 0306 
0119 0288 0330 0376 
0001 0002 0004 0005 
0205 0402 0421 0452 
0204 0236 0291 0330 
0033 0146 0147 0150 0151 
0092 0288 0353 0356 0381 
0204 0256 0291 0331 0356 
0204 0236 0330 0368 
0288 0353 0355 0520 
0291 
0174 0204 0255 0288 0331 
0119 0128 0291 
0174 0204 0290 0356 
0011 
0134 0204 0258 0290 
0293 0297 0314 0331 
0012 0040 0133 0329 0356 
0015 0071 0123 0256 
0156 0294 0297 0299 0353 
0011 0123 0255 0330 
0172 0204 0288 0419 
0400 0422 0452 
0037 0261 0291 0332 0520 
0125 
0172 0204 
0059 0107 0242 
0075 0079 0204 
0096 0123 0160 0356 
0027 0136 
0046 0133 0204 0290 0356 
0096 0156 
0037 0071 0095 0237 0520 
0001 0002 0465 
0001 0046 0095 0098 
0043 0094 0290 0356 
0173 0204 
0173 0178 0204 0290 0423 
0425 0524 
0465 
0097 0291 
0128 0204 0520 
0045 0291 0330 0368 
0421 
0261 0381 0398 0411 0422 
0035 0045 0096 0204 0295 
0038 0237 0259 0380 
0008 0073 0168 0256 
0401 0422 0452 0523 
0097 0164 0237 
0425 
0092 0133 0255 0331 0521 
0329 
0304 
0291 0376 
0204 0236 0259 0291 0521 
0173 0204 0356 
0402 0421 0452 0499 
0044 0075 0078 
0172 0177 0204 0355 0426 
0014 0037 0236 0256 0291 
0236 0238 0257 0288 
0172 0186 0204 0288 0422 
0019 0331 0334 0338 
0001 0039 0093 0376 
0117 0118 0279 
0011 0045 0133 
0374 0381 0386 0399 
0036 0134 0291 0376 
0004 0134 0148 0149 
0011 0095 0258 
0204 0380 0397 0419 
0050 0204 0330 0336 
0096 0155 0204 0256 0330 
0289 
0177 0188 
0255 0263 0331 0521 
0047 0291 0376 0381 
0172 0204 0290 0418 0426 
0119 0120 
0291 0331 0339 
0289 0330 
0038 0119 0257 
0133 0176 0204 0289 0368 
0042 0133 0291 0368 0521 
0029 0133 0204 0368 
0423 
0134 0260 0291 0332 
0172 0186 0204 0355 0423 
0030 0290 0329 0355 
0105 0107 0204 0259 
0030 0093 0119 0288 
0173 0402 0421 0452 0499 
0075 0205 0237 0258 0368 
0521 
0123 0257 0288 
0421 0452 0498 0499 
0418 0419 0427 0455 0524 
0104 0205 0236 0291 0419 
0035 0291 0332 0376 
0092 0123 
0046 0255 0376 
0136 0144 0152 
0103 0104 
0400 0411 0422 0452 0524 
0204 0258 0291 0330 0418 
0011 0125 0164 0288 0353 
0119 0236 0288 0353 0356 
0035 0089 0237 
0029 0097 0260 0291 0356 
0038 0123 0331 
0153 0329 0368 
0001 0204 0259 0376 
0173 0204 0258 0355 0418 
0291 0315 0354 
0421 0452 0498 0499 
0204 0421 0452 0498 0499 
0146 0293 0297 0306 0353 
0133 0291 
0041 0165 0256 0291 
0030 0039 0092 0236 
0152 0164 
0369 0370 
0236 0411 0422 0452 0524 
0384 0398 0411 0422 
0011 0038 0236 0380 
0261 0291 0332 
0205 
0420 0424 0526 
0046 0204 0356 0419 
0093 0108 0259 0368 
0140 0258 0291 0332 0360 
0024 0035 0146 0258 
0331 0355 0368 0386 
0172 0177 0204 0291 0418 
0421 0452 
0205 0423 
0001 0016 0026 
0073 0160 0204 0259 
0086 0095 0123 0205 0329 
0096 0119 0236 0290 0356 
0037 0047 0098 0237 0255 
0204 0290 0330 
0172 0204 0289 0419 0423 
0038 0095 0151 
0172 0204 0291 0423 
0035 0291 
0001 0034 0046 0149 
0152 0204 0288 0331 0521 
0092 0236 0255 0289 
0288 0384 0398 0422 
0015 0098 0204 0236 
0039 0119 0356 
0095 0204 0289 0332 0376 
0002 0037 0259 0419 
0172 0186 0204 0291 0426 
0291 0421 0452 0498 0499 
0422 0452 
0291 
0255 0288 0330 0356 
0129 0153 0297 0302 
0001 0042 0237 0355 
0041 0167 0256 0331 
0039 0092 0119 0236 0289 
0093 0146 0255 
0037 0073 0204 0256 0376 
0043 0093 0238 0289 0368 
0039 0098 0258 0330 
0172 0204 0355 0423 0526 
0164 0425 0498 0499 
0079 0087 
0042 0078 0204 0290 0331 
0038 0119 0161 0331 
0012 0035 0097 0237 0332 
0119 0120 
0522 0525 
0398 0422 0427 0452 
0154 0156 0353 
0174 0178 0205 0291 
0204 0422 0425 0427 0455 
0001 0002 0119 
0033 0133 
0001 0119 0288 
0051 0059 0371 
0045 
0260 0306 0353 
0425 0498 0499 
0204 0236 0259 0376 
0011 0288 0331 0356 
0004 0009 0152 
0293 0331 0355 
0204 0291 0400 0422 0452 
0016 0021 0119 
0236 0259 0291 0376 
0123 0161 0331 
0108 
0291 
0255 0291 0332 
0421 0452 0498 0499 
0034 0073 0133 
0353 0354 
0172 0177 0204 0289 0418 
0205 0381 0419 0428 0524 
0135 0422 0425 0452 0524 
0204 0422 
0207 0209 0423 0426 
0465 
0397 0452 
0047 0098 0133 0291 0332 
0071 0119 0204 0256 0356 
0173 0176 0288 0419 
0109 0402 0421 0452 0499 
0011 0071 0255 0330 
0425 0498 0499 
0421 
0059 0299 0330 
0205 0384 0401 0422 0454 
0093 0257 
0167 
0013 0043 0291 0332 
0097 0204 0260 0291 0329 
0046 0098 0204 0255 0290 
0090 0098 0256 0288 
0291 0381 
0332 0452 0498 0499 
0098 0133 0291 0329 0422 
0039 0329 
0045 0098 0238 0291 
0204 0422 0452 0467 0520 
0381 0419 0422 
0119 0236 0288 0330 0356 
0030 0071 0093 0104 0290 
0398 0411 0420 0424 0452 
0013 0093 0153 0290 
0001 0002 0015 0420 
0173 0204 0356 0419 0467 
0236 0289 0331 
0013 0041 0257 0331 
0204 0257 0288 0330 
0032 
0172 0204 0419 
0425 0498 0499 
0097 0119 0236 0356 
0381 0400 0422 
0288 0353 
0031 0123 0204 0291 0332 
0028 0133 0291 0411 
0067 0260 0456 
0174 0204 0236 0291 0423 
0332 0336 0342 
0035 0095 0261 0291 
0004 0006 0149 
0289 0353 
0033 0087 0095 
0043 0164 0289 0521 
0465 
0045 0073 0149 0160 
0087 0402 0421 0452 0499 
0094 0107 0204 0256 0330 
0030 0164 0288 0331 0355 
0149 0359 0362 0375 
0073 0236 
0134 0204 
0399 0422 0452 0524 
0011 0031 0046 0256 
0264 0297 0349 0357 0373 
0027 0119 0289 0330 
0042 0291 0356 
0007 0016 
0173 0204 0355 0426 
0204 0237 0259 0270 0521 
0038 0356 0368 
0012 0093 0096 0236 0329 
0288 0330 0353 0355 
0422 
0179 0204 0262 0267 0341 
0397 0418 
0031 0164 0288 0376 
0204 0261 
0297 0298 0329 0365 
0289 0384 0401 0422 0454 
0095 0236 0289 0329 0411 
0291 0384 0401 0422 0454 
0204 0256 0291 0380 
0355 0380 0381 0397 0419 
0086 0288 0331 0355 0521 
0098 0260 0289 0329 0376 
0204 0236 0259 0291 
0173 0204 0236 0290 0380 
0089 0168 
0172 0177 0178 0186 
0045 0259 0291 0332 
0382 0399 0411 0422 0452 
0045 0236 0291 0376 
0001 0055 
0013 0092 0330 
0133 0258 0289 0331 
0004 0292 
0028 0097 0204 0255 0329 
0429 
0003 0136 0147 0237 0384 
0002 0204 0419 
0054 0110 
0119 0288 
0292 0301 0303 0330 
0119 0164 0236 0288 0355 
0094 0288 0355 0368 
0277 0278 0284 
0095 0261 0291 0329 
0422 0452 
0204 0291 0329 0419 0423 
0001 0013 0073 0161 0167 
0049 0317 0358 0366 
0238 0381 0400 0422 0523 
0353 
0102 0205 0237 0291 0423 
0204 0256 0289 0356 0368 
0035 0290 0381 0400 0418 
0288 0330 0356 0418 
0097 0103 0204 0236 0259 
0421 
0292 0306 0330 0355 
0095 0236 0359 0365 
0014 0036 0098 
0418 
0204 0467 0523 
0291 0418 0455 0524 
0094 0174 0331 0521 
0086 0289 0331 
0329 0353 0356 
0354 
0173 0204 0289 0423 
0136 0204 0257 
0014 0174 0291 0331 
0204 0260 
0031 0073 0397 
0236 0291 0330 0355 
0273 
0172 0204 0355 0423 0526 
0204 0256 
0012 0236 0289 
0204 0256 0289 0330 0520 
0174 0420 0424 0452 0524 
0026 0095 0236 0456 
0134 0204 0257 0291 
0288 0423 
0011 0123 0258 0331 
0291 0353 
0024 
0422 0525 
0164 0255 0288 0330 0355 
0384 0400 0411 
0178 0184 0210 0423 
0035 0045 0291 
0038 0356 0384 0400 0418 
0014 0421 0452 0498 0499 
0164 0204 0260 0290 0329 
0122 0124 0338 0347 
0012 0261 0283 0285 0291 0330 
0261 0291 0376 
0503 
0001 
0035 0086 
0037 0291 
0295 0299 0304 
0026 0073 0093 0381 
0173 0204 0291 0355 0420 
0204 0260 
0106 0273 
0288 0366 0397 0419 
0133 0299 0304 0338 
0384 0398 0422 0454 
0304 0306 0382 
0291 0332 
0054 0126 0306 
0383 0384 0385 0387 0404 0460 
0133 0236 0261 0288 
0205 
0359 0365 0368 
0119 0236 0255 0355 
0134 0204 0260 0295 
0422 0452 
0001 0106 0152 0357 
0353 
0012 0288 0355 0368 
0465 
0174 
0036 0119 0255 0291 0355 
0422 0524 
0205 0297 0299 
0001 
0038 0119 0291 0380 
0291 
0001 
0149 0369 0372 
0498 0499 0504 
0098 0256 0329 0357 
0103 0205 0258 0420 
0425 0524 0529 0530 0532 
0096 0119 0204 0236 0331 
0054 
0011 0119 0128 0376 0467 
0421 0452 
0161 0255 0266 0271 
0291 0419 0524 
0045 0256 0291 0329 
0033 0164 0291 0331 0368 
0014 0291 
0094 0147 0291 0329 
0173 0418 
0040 0123 0255 
0001 0045 0465 
0102 0168 0273 0376 
0045 0096 
0174 0422 0427 0452 0524 
0288 0330 0353 0376 
0047 0204 
0204 0288 0397 0418 0454 
0291 
0291 0332 
0042 0123 0128 0368 
0173 0204 
0014 0402 0418 0452 0499 
0045 0255 0290 0329 0521 
0147 0256 0291 
0031 0094 0123 0164 
0015 0037 0077 0123 0368 
0002 0125 0376 
0110 0204 0291 0332 
0290 0384 0400 0422 
0419 
0422 0427 0452 0524 
0001 0002 0465 
0096 0123 
0039 0071 0330 
0422 
0050 0295 
0092 0204 0260 0329 
0204 0291 0329 0423 
0006 0137 0306 
0041 0176 0204 0355 0419 
0108 0255 0268 
0012 0029 0164 0289 
0288 0331 0355 
0204 0288 0330 0355 
0236 0237 0238 0289 0331 
0368 0381 0422 0427 0524 
0001 0204 0260 0291 
0015 0098 
0482 0499 0502 
0139 0260 0332 
0204 0418 0419 
0097 0119 0204 0258 
0160 
0332 
0071 0269 0342 
0032 0097 0204 0260 
0260 0406 0411 0432 
0422 0452 
0204 0289 0329 0418 0419 
0012 0057 0103 0108 0256 
0093 0236 0368 0380 
0204 0267 0293 0301 0304 
0033 0119 0261 
0173 0291 0332 0376 0520 
0046 0096 0123 
0153 0178 0291 0382 0419 
0001 0096 0119 0133 
0172 0423 
0238 0406 
0036 0204 0260 0291 
0045 0086 0236 0256 
0119 0204 0291 0330 
0001 0164 
0291 0381 0399 0422 0455 
0411 0422 0432 0452 0524 
0016 
0031 0123 0257 0330 
0037 0098 0134 0261 
0291 0332 0356 0380 0382 
0011 0237 0397 0420 0424 
0238 0384 0399 0422 0452 
0106 0133 0148 0322 
0028 0291 
0151 0260 0290 
0204 0236 0291 0419 0526 
0207 0210 0423 
0422 
0418 
0037 0291 
0330 0376 
0291 
0012 0329 0340 0353 
0174 0204 0256 0331 0355 
0384 0400 0422 0454 
0043 0098 0164 0205 0376 
0421 
0204 0399 0422 0427 0524 
0383 0384 0387 0405 0422 
0027 0094 0119 0258 
0006 
0164 0384 0401 0418 
0015 0026 0093 0331 0376 
0204 0331 0356 0368 
0012 0204 0261 
0422 0452 
0119 0256 0331 
0031 0164 0204 
0173 0289 0330 0368 
0031 0049 0291 0302 
0452 
0427 0524 
0134 0204 
0034 0096 0204 0236 0291 
0123 0237 0256 
0236 0291 0332 0376 
0094 0255 0330 0368 
0026 0071 0289 0330 
0236 0289 0380 0384 0521 
0173 0204 0291 0418 
0011 0034 0107 0256 0330 
0173 0289 0380 0384 
0001 0035 0259 0418 
0258 0291 0332 0376 
0289 0297 0329 0336 
0291 0292 0298 0301 0329 
0089 0331 0376 
0045 0098 0133 0376 
0133 0204 0291 0355 
0205 0261 0376 0467 
0018 0422 0427 0455 0524 
0204 0422 0427 0452 0524 
0237 0355 0368 
0106 0109 0117 0118 
0049 0236 0376 
0093 0290 0331 0368 
0422 
0046 0290 0384 
0135 
0026 0051 0150 0356 
0011 0095 0204 0236 0329 
0045 0236 0289 0329 0456 
0172 0177 0204 0423 
0422 0452 0524 
0136 0331 0402 0418 0454 
0036 0093 0133 0160 0204 
0288 0331 0353 0368 
0122 0332 
0092 0164 0204 0256 
0123 0256 0290 0356 
0001 0012 0119 0133 0291 
0123 0255 0376 
0094 0166 0332 
0204 0236 0291 0423 
0036 0119 0160 0260 
0376 0384 0398 0418 
0042 0291 0330 0356 
0073 0173 0177 0204 
0261 0291 0331 0368 
0205 0236 
0204 0421 0452 0498 0499 
0001 0011 0204 0368 
0027 0123 0164 
0205 0422 0452 0467 0523 
0291 0353 
0289 0331 0356 0368 
0291 0402 0421 0452 0499 
0040 0119 0257 
0039 
0011 0236 0291 0330 
0172 0204 0291 0423 
0049 0104 0319 0332 
0207 0211 0214 0219 
0179 0186 0207 0433 
0427 0524 
0204 0236 0237 0238 0291 
0119 0155 0291 0355 
0164 0292 0303 0332 
0045 0204 0330 
0119 0236 0256 0330 0356 
0236 0356 0368 
0172 0177 0204 0288 0419 
0011 0098 0204 0255 
0290 0368 0381 0520 
0045 0236 0290 
0119 0133 0288 
0047 0092 0236 0329 0456 
0096 0204 0236 0291 
0204 0398 0422 0452 0523 
0291 0332 
0135 0259 0291 0332 
0001 0011 0356 0368 
0033 0164 
0425 0498 0499 
0073 0204 0260 
0065 
0048 
0034 0204 0418 0419 
0174 0292 0297 0304 0332 
0134 0400 0422 0452 0521 
0030 0086 0236 0288 0353 
0011 0119 0160 0256 
0011 0119 0133 0289 0376 
0046 0119 0288 0355 
0141 0148 0154 
0172 0177 0186 0205 0423 
0204 0423 
0092 0236 0257 
0109 0258 0268 
0093 0291 
0174 0422 0427 0524 
0001 0035 0135 0237 0291 
0236 0238 0291 
0204 0329 0358 0365 
0047 0072 0119 0204 
0174 0204 
0039 0094 0255 0289 0520 
0261 
0015 0039 0134 0153 0290 
0106 0150 
0028 0291 0355 
0291 
0205 0423 
0204 0467 
0204 0236 0291 0376 
0074 0371 
0026 0042 0258 
0070 0296 0358 
0079 
0045 0314 0332 0360 
0204 
0014 0092 0119 0290 
0330 
0434 0483 0485 0492 0502 0506 
0001 0153 0204 0376 
0204 0423 
0071 0167 0256 0289 0376 
0034 0257 0289 
0035 0134 0291 0332 0376 
0092 0164 0288 0368 
0031 0330 
0381 0419 0422 0456 0524 
0045 0259 0291 0332 0355 
0205 
0015 0174 0205 0255 0332 
0421 0452 
0071 0096 0173 0204 0255 0520 
0402 0421 0452 0499 
0094 0123 0204 0368 
0036 0236 0258 0291 0520 

